#     thickness (A)        interface (A)       rho (1e-6/A^2)      irho (1e-6/A^2)
                   0     4.91112616641315                2.069                    0
    39.2557001685957     4.91112616641315     3.35970010272813                    0
    18.2585231033285     7.57964391933618     3.97587031982812                    0
    105.018082196103                    0     4.44845975508154                    0
                 4.5                    0     4.44839545565991                    0
                 0.5                    0     4.44736640640535                    0
                 0.5                    0     4.44692032113479                    0
                 0.5                    0     4.44631313713541                    0
                 0.5                    0     4.44549550460376                    0
                 0.5                    0     4.44524025070242                    0
                 0.5                    0      4.4433066357621                    0
                 0.5                    0     4.44122578721361                    0
                 0.5                    0      4.4387281014622                    0
                 0.5                    0     4.43561458890196                    0
                 0.5                    0     4.43171115030259                    0
                 0.5                    0     4.42684540300183                    0
                 0.5                    0     4.42083690184285                    0
                 0.5                    0     4.41349486605752                    0
                 0.5                    0     4.40462014592554                    0
                 0.5                    0     4.39400980164733                    0
                 0.5                    0     4.38146350529148                    0
                 0.5                    0     4.36679130939836                    0
                 0.5                    0     4.34982238757698                    0
                 0.5                    0     4.33041428949831                    0
                 0.5                    0     4.30846214627614                    0
                 0.5                    0     4.28390715713373                    0
                 0.5                    0     4.25674361188913                    0
                 0.5                    0      4.2270236753947                    0
                 0.5                    0     4.19485919375447                    0
                 0.5                    0     4.16041988694269                    0
                 0.5                    0     4.12392747123599                    0
                 0.5                    0     4.08564550327242                    0
                 0.5                    0     4.04586504330526                    0
                 0.5                    0     4.00488657835663                    0
                 0.5                    0     3.96299899988253                    0
                 0.5                    0     3.92045676397887                    0
                 0.5                    0     3.87745664196644                    0
                 0.5                    0      3.8341156637193                    0
                 0.5                    0     3.79045193863544                    0
                 0.5                    0     3.74636999122789                    0
                 0.5                    0     3.70165206239379                    0
                 0.5                    0     3.65595650854077                    0
                 0.5                    0     3.60882399696275                    0
                 0.5                    0     3.55969167724293                    0
                 0.5                    0     3.50791494481173                    0
                 0.5                    0     3.45279585012583                    0
                 0.5                    0     3.39361669322163                    0
                 0.5                    0     3.32967692387533                    0
                 0.5                    0      3.2603311802748                    0
                 0.5                    0     3.18502617085283                    0
                 0.5                    0     3.10333414768072                    0
                 0.5                    0     3.01498093314146                    0
                 0.5                    0     2.91986682681343                    0
                 0.5                    0      2.8180792053676                    0
                 0.5                    0     2.70989619308923                    0
                 0.5                    0      2.5957813762951                    0
                 0.5                    0     2.47637011171486                    0
                 0.5                    0     2.35244849034779                    0
                 0.5                    0      2.2249264255368                    0
                 0.5                    0     2.09480660933791                    0
                 0.5                    0     1.96315121045622                    0
                 0.5                    0     1.83104817003072                    0
                 0.5                    0     1.69957880178388                    0
                 0.5                    0     1.56978814517873                    0
                 0.5                    0     1.44265918689471                    0
                 0.5                    0     1.31909169379555                    0
                 0.5                    0     1.19988602611607                    0
                 0.5                    0     1.08573195534253                    0
                 0.5                    0    0.977202222640025                    0
                 0.5                    0    0.874750357082188                    0
                 0.5                    0    0.778712134988758                    0
                 0.5                    0     0.68930999976057                    0
                 0.5                    0    0.606659765458336                    0
                 0.5                    0    0.530778981443255                    0
                 0.5                    0    0.461596421545139                    0
                 0.5                    0    0.398962261405519                    0
                 0.5                    0    0.342658606190852                    0
                 0.5                    0    0.292410116106801                    0
                 0.5                    0    0.247894542194487                    0
                 0.5                    0    0.208753027693827                    0
                 0.5                    0    0.174600052893538                    0
                 0.5                    0    0.145032908900307                    0
                 0.5                    0    0.119640584770744                    0
                 0.5                    0   0.0980119497619133                    0
                 0.5                    0   0.0797431138839145                    0
                 0.5                    0   0.0644438595004325                    0
                 0.5                    0    0.051743056259895                    0
                 0.5                    0   0.0412930008380624                    0
                 0.5                    0   0.0327726597307095                    0
                 0.5                    0    0.025889834344682                    0
                 0.5                    0   0.0203823090577151                    0
                 0.5                    0   0.0160180810262732                    0
                 0.5                    0   0.0125948022255649                    0
                 0.5                    0  0.00993858739050573                    0
                 0.5                    0  0.00790235518691306                    0
                 0.5                    0  0.00636387413943822                    0
                 0.5                    0  0.00522368050579903                    0
                 0.5                    0  0.00440302392572315                    0
                 0.5                    0   0.0038419800554257                    0
                 0.5                    0  0.00349784924493757                    0
                 0.5                    0  0.00334393805571395                    0
                 0.5                    0  0.00336879703101678                    0
                 0.5                    0  0.00357596410031628                    0
                 0.5                    0   0.0039842383424229                    0
                 0.5                    0  0.00462848324974421                    0
                 0.5                    0  0.00556093170877524                    0
                 0.5                    0  0.00685293634678017                    0
                 0.5                    0  0.00859707877624348                    0
                 0.5                    0   0.0109095202807864                    0
                 0.5                    0   0.0139324460659177                    0
                 0.5                    0   0.0178364275830029                    0
                 0.5                    0   0.0228225055797309                    0
                 0.5                    0   0.0291237838651272                    0
                 0.5                    0   0.0370063238183022                    0
                 0.5                    0   0.0467691454974863                    0
                 0.5                    0   0.0587431748651957                    0
                 0.5                    0   0.0732890285461177                    0
                 0.5                    0   0.0907935959451336                    0
                 0.5                    0    0.111665459299822                    0
                 0.5                    0    0.136329278709761                    0
                 0.5                    0    0.165219352697416                    0
                 0.5                    0    0.198772635456708                    0
                 0.5                    0    0.237421539552901                    0
                 0.5                    0    0.281586868651997                    0
                 0.5                    0    0.331671202861105                    0
                 0.5                    0    0.388052997572231                    0
                 0.5                    0    0.451081558546335                    0
                 0.5                    0    0.521072930046004                    0
                 0.5                    0    0.598306592872094                    0
                 0.5                    0     0.68302273274736                    0
                 0.5                    0     0.77541972600879                    0
                 0.5                    0    0.875651417702085                    0
                 0.5                    0    0.983823752147415                    0
                 0.5                    0     1.09999036709408                    0
                 0.5                    0     1.22414688099099                    0
                 0.5                    0      1.3562237810507                    0
                 0.5                    0      1.4960780413872                    0
                 0.5                    0     1.64348384210061                    0
                 0.5                    0     1.79812299375229                    0
                 0.5                    0     1.95957586806786                    0
                 0.5                    0     2.12731376835651                    0
                 0.5                    0     2.30069372158877                    0
                 0.5                    0     2.47895662676915                    0
                 0.5                    0     2.66122955016069                    0
                 0.5                    0     2.84653272687154                    0
                 0.5                    0     3.03379152979818                    0
                 0.5                    0      3.2218533277985                    0
                 0.5                    0     3.40950880626521                    0
                 0.5                    0     3.59551699660572                    0
                 0.5                    0     3.77863298525189                    0
                 0.5                    0     3.95763707067821                    0
                 0.5                    0     4.13136402364325                    0
                 0.5                    0     4.29873108783731                    0
                 0.5                    0     4.45876343296172                    0
                 0.5                    0     4.61061592992166                    0
                 0.5                    0     4.75359034219721                    0
                 0.5                    0     4.88714729852175                    0
                 0.5                    0     5.01091270789387                    0
                 0.5                    0     5.12467857703313                    0
                 0.5                    0     5.22839847289043                    0
                 0.5                    0     5.32217812209706                    0
                 0.5                    0     5.40626184256358                    0
                 0.5                    0     5.48101565141131                    0
                 0.5                    0     5.54690798396285                    0
                 0.5                    0     5.60448899064538                    0
                 0.5                    0     5.65436935600762                    0
                 0.5                    0     5.69719951326906                    0
                 0.5                    0     5.73365001785816                    0
                 0.5                    0     5.76439370473509                    0
                 0.5                    0     5.79009009813796                    0
                 0.5                    0     5.81137237988842                    0
                 0.5                    0     5.82883706390184                    0
                 0.5                    0     5.84303637901943                    0
                 0.5                    0     5.85447323677106                    0
                 0.5                    0     5.86359856005123                    0
                 0.5                    0      5.8708106755098                    0
                 0.5                    0     5.87645642707136                    0
                 0.5                    0      5.8808336487978                    0
                 0.5                    0     5.88419463912791                    0
                 0.5                    0     5.88675030111077                    0
                 0.5                    0     5.88867464975452                    0
                 0.5                    0     5.89010943309091                    0
                 0.5                    0     5.89116866336347                    0
                56.5                    0     5.89381639182725                    0
                   0                    0     5.89381639182725                    0
