#     thickness (A)        interface (A)       rho (1e-6/A^2)      irho (1e-6/A^2)
                   0     4.91112616641315                2.069                    0
    39.2557001685957     4.91112616641315     3.35970010272813                    0
    18.2585231033285     7.57964391933618     3.97587031982812                    0
    105.018082196103                    0     4.44845975508154                    0
                   3                    0     4.44824085306688                    0
                 0.5                    0     4.44718958864838                    0
                 0.5                    0      4.4466202715268                    0
                 0.5                    0     4.44581688895201                    0
                 0.5                    0     4.44469652162647                    0
                 0.5                    0     4.44315117228221                    0
                 0.5                    0     4.44104216962723                    0
                 0.5                    0     4.43819390761515                    0
                 0.5                    0     4.43153682346466                    0
                 0.5                    0     4.42820247576403                    0
                 0.5                    0      4.4223226645086                    0
                 0.5                    0     4.41406187190435                    0
                 0.5                    0     4.40321323487408                    0
                 0.5                    0     4.38934965812269                    0
                 0.5                    0     4.37190294929376                    0
                 0.5                    0     4.35020367540289                    0
                 0.5                    0     4.32350318452859                    0
                 0.5                    0     4.29099004249105                    0
                 0.5                    0     4.25180714868332                    0
                 0.5                    0      4.2050723867754                    0
                 0.5                    0     4.14990384095326                    0
                 0.5                    0     4.08544959565422                    0
                 0.5                    0     4.01092148705409                    0
                 0.5                    0     3.92563167875497                    0
                 0.5                    0     3.82903052150296                    0
                 0.5                    0     3.72074382345019                    0
                 0.5                    0     3.60060742616444                    0
                 0.5                    0     3.46869688094958                    0
                 0.5                    0     3.32535007400569                    0
                 0.5                    0      3.1711808706555                    0
                 0.5                    0     3.00708223703966                    0
                 0.5                    0     2.83421783506585                    0
                 0.5                    0     2.65400173994839                    0
                 0.5                    0     2.46806665276949                    0
                 0.5                    0     2.27822171683379                    0
                 0.5                    0     2.08640173552424                    0
                 0.5                    0      1.8946101719921                    0
                 0.5                    0     1.70485873634414                    0
                 0.5                    0     1.51910659644725                    0
                 0.5                    0      1.3392022639706                    0
                 0.5                    0     1.16683100740835                    0
                 0.5                    0     1.00347024777972                    0
                 0.5                    0    0.850354837097034                    0
                 0.5                    0    0.708453454420374                    0
                 0.5                    0     0.57845663708852                    0
                 0.5                    0    0.460776254944926                    0
                 0.5                    0    0.355555588193438                    0
                 0.5                    0    0.262688630598823                    0
                 0.5                    0    0.181846841547473                    0
                 0.5                    0    0.112511330198631                    0
                 0.5                    0   0.0540083743142523                    0
                 0.5                    0  0.00554624309316371                    0
                 0.5                    0  -0.0337485159905264                    0
                 0.5                    0  -0.0647968826935546                    0
                 0.5                    0  -0.0885364760669462                    0
                 0.5                    0   -0.105894820897524                    0
                 0.5                    0   -0.117767256469459                    0
                 0.5                    0   -0.124999647216519                    0
                 0.5                    0   -0.128375775876813                    0
                 0.5                    0    -0.12860908069637                    0
                 0.5                    0   -0.126338242613476                    0
                 0.5                    0    -0.12212603394003                    0
                 0.5                    0   -0.116460800248586                    0
                 0.5                    0   -0.109759952624975                    0
                 0.5                    0   -0.102374887531298                    0
                 0.5                    0  -0.0945968155797516                    0
                 0.5                    0  -0.0866630587583625                    0
                 0.5                    0  -0.0787634597428203                    0
                 0.5                    0  -0.0710466302637152                    0
                 0.5                    0  -0.0636258432139048                    0
                 0.5                    0  -0.0565844420233834                    0
                 0.5                    0  -0.0499806989224789                    0
                 0.5                    0  -0.0438521002943833                    0
                 0.5                    0  -0.0382190724783052                    0
                 0.5                    0  -0.0330881858521438                    0
                 0.5                    0   -0.028454889973463                    0
                 0.5                    0   -0.024305839459728                    0
                 0.5                    0  -0.0206208707799608                    0
                 0.5                    0  -0.0173746859013526                    0
                 0.5                    0  -0.0145382914302228                    0
                 0.5                    0  -0.0120802330132756                    0
                 0.5                    0 -0.00996765561333457                    0
                 0.5                    0 -0.00816721186104015                    0
                 0.5                    0 -0.00664583372069323                    0
                 0.5                    0 -0.00537137759199868                    0
                 0.5                    0 -0.00431314980678274                    0
                 0.5                    0 -0.00344231813343825                    0
                 0.5                    0  -0.0027322150539231                    0
                 0.5                    0 -0.00215853980226703                    0
                 0.5                    0 -0.00169946798632874                    0
                 0.5                    0  -0.0013356796179621                    0
                 0.5                    0 -0.00105031818530114                    0
                 0.5                    0 -0.000828894750488995                    0
                 0.5                    0 -0.000659151794251428                    0
                 0.5                    0 -0.000530901607666809                    0
                 0.5                    0 -0.000435853489599899                    0
                 0.5                    0 -0.000367442942932978                    0
                 0.5                    0 -0.000320674601060063                    0
                 0.5                    0 -0.000291988887417298                    0
                 0.5                    0 -0.000279160524627912                    0
                 0.5                    0 -0.000281235041470513                    0
                 0.5                    0 -0.000298507410985619                    0
                 0.5                    0 -0.000332544890573788                    0
                 0.5                    0 -0.000386253998117403                    0
                 0.5                    0 -0.000463989310898206                    0
                 0.5                    0 -0.000571699391307313                    0
                 0.5                    0 -0.000717102631656416                    0
                 0.5                    0 -0.00090988322659506                    0
                 0.5                    0 -0.00116189494532973                    0
                 0.5                    0 -0.00148735807354441                    0
                 0.5                    0 -0.00190303307285989                    0
                 0.5                    0 -0.00242835344980274                    0
                 0.5                    0 -0.00308550032969817                    0
                 0.5                    0 -0.00389940255041234                    0
                 0.5                    0 -0.00489764889699172                    0
                 0.5                    0 -0.00611030342510256                    0
                 0.5                    0 -0.00756962052440481                    0
                 0.5                    0 -0.00930966310464133                    0
                 0.5                    0  -0.0113658344957623                    0
                 0.5                    0  -0.0137743416155197                    0
                 0.5                    0  -0.0165716128436468                    0
                 0.5                    0   -0.019793698010449                    0
                 0.5                    0  -0.0234756792257996                    0
                 0.5                    0  -0.0276511194404529                    0
                 0.5                    0  -0.0323515704884706                    0
                 0.5                    0  -0.0376061541763573                    0
                 0.5                    0  -0.0434412194860203                    0
                 0.5                    0  -0.0498800672911263                    0
                 0.5                    0  -0.0569427226142002                    0
                 0.5                    0   -0.064645724991464                    0
                 0.5                    0  -0.0730019015214041                    0
                 0.5                    0  -0.0820200859211521                    0
                 0.5                    0   -0.091704751171291                    0
                 0.5                    0   -0.102055533202001                    0
                 0.5                    0    -0.11306663792626                    0
                 0.5                    0   -0.124726142400949                    0
                 0.5                    0    -0.13701522103828                    0
                 0.5                    0   -0.149907347262433                    0
                 0.5                    0    -0.16336753737915                    0
                 0.5                    0   -0.177351714484531                    0
                 0.5                    0   -0.191806274278071                    0
                 0.5                    0   -0.206667930700331                    0
                 0.5                    0   -0.221863907302979                    0
                 0.5                    0   -0.237312520995877                    0
                 0.5                    0   -0.252924179928167                    0
                 0.5                    0   -0.268602788987443                    0
                 0.5                    0   -0.284247527329651                    0
                 0.5                    0   -0.299754935118486                    0
                 0.5                    0   -0.315021223653016                    0
                 0.5                    0   -0.329944706209929                    0
                 0.5                    0   -0.344428237484592                    0
                 0.5                    0   -0.358381548012375                    0
                 0.5                    0   -0.371723366191988                    0
                 0.5                    0   -0.384383233676889                    0
                 0.5                    0   -0.396302938608107                    0
                 0.5                    0    -0.40743751376076                    0
                 0.5                    0   -0.417755771345625                    0
                 0.5                    0   -0.427240371141818                    0
                 0.5                    0   -0.435887442188536                    0
                 0.5                    0   -0.443705799045531                    0
                 0.5                    0   -0.450715810583015                    0
                 0.5                    0   -0.456947991681162                    0
                 0.5                    0   -0.462441395767574                    0
                 0.5                    0   -0.467241888799249                    0
                 0.5                    0    -0.47140038340672                    0
                 0.5                    0   -0.474971106016688                    0
                 0.5                    0   -0.478009960601839                    0
                 0.5                    0   -0.480573041146246                    0
                 0.5                    0   -0.482715331896054                    0
                 0.5                    0   -0.484489620917249                    0
                 0.5                    0   -0.485945639269131                    0
                 0.5                    0   -0.487129425969538                    0
                 0.5                    0   -0.488082908464377                    0
                 0.5                    0   -0.488843679924963                    0
                 0.5                    0   -0.489444948595677                    0
                 0.5                    0    -0.48991563063061                    0
                 0.5                    0   -0.490280556257301                    0
                  59                    0   -0.491362917302653                    0
                   0                    0   -0.491362917302653                    0
