# intensity: 0.9917967687839
# background: 4.67373390751633e-07
#           Q (1/A)             dQ (1/A)                    R                   dR               theory              fresnel
 0.00799217283592589     9.8594701109e-05        0.94042127662       0.020258761055    0.991797236157289      0.1138600569803
 0.00850100315000752     0.00010421442213        0.96468354227       0.020226066995    0.991797236157287    0.102578004905616
 0.00900983311563866     0.00011078568912        0.97079721644       0.020121600694    0.991797236157289   0.0907998869545509
 0.00949670947734436     0.00011653296877        0.97337785591       0.020279988109    0.991797236157291   0.0809460262499007
 0.00999458730613689     0.00012306072523        0.99557930958       0.021085442115     0.99179723615729   0.0721137096426356
  0.0105100015533808     0.00012889105303        0.99774126173       0.020618389947    0.991797236157291   0.0641082588813248
   0.011001279511497     0.00013542308279         0.9987182978       0.020468967469    0.991797236157288   0.0574124998338736
  0.0114947631794808     0.00014098180574         1.0035928266       0.020685919128    0.991797236157282   0.0514879479708051
  0.0120013938700193     0.00014751355827        0.99744285755       0.020907138128    0.991797236157287   0.0461293734437793
  0.0125102202196646      0.0001533484871         1.0051030258       0.020607493284    0.991797236157289   0.0413857592262111
  0.0129949022578618     0.00015963912099         1.0068367122       0.020481880295    0.991797236157288   0.0373886817611905
  0.0134971705053167     0.00016563186713        0.99865338281       0.020430051963     0.99174365568457   0.0337160744278215
  0.0140103797421091     0.00017212923724        0.94694268522       0.019708224304    0.909213455278857   0.0303910142026375
  0.0145060542399848     0.00017837105439         0.4818504735      0.0098755600991    0.455927337275106   0.0275389750907839
  0.0149995017305327       0.000184297804        0.23204933846      0.0047867014696     0.23881381888306   0.0250090275672209
  0.0155061799738796     0.00019052285704        0.15293694318      0.0032076252777    0.153930875280153   0.0226920620103552
  0.0160105837097982     0.00019649336377        0.10837367154      0.0023339461332    0.109601595279901   0.0206329609878948
   0.016504041024758     0.00020300324134        0.08261240226      0.0017603113986   0.0827738247115649   0.0188298555416369
  0.0169974893305018     0.00020859239422       0.064198739685      0.0013781846139   0.0647115924705013   0.0172115433380824
  0.0175019565286708     0.00021514606758       0.051287607468        0.00112058345   0.0516639387642448   0.0157257415303183
  0.0180107775362369     0.00022095001221       0.041878828386     0.00093863990418   0.0420388035583224   0.0143790278603742
  0.0185042285885576     0.00022749040832       0.034897041117     0.00077618690841   0.0349994667332795    0.013202841135804
  0.0190064574630489     0.00023321494424       0.029505276495     0.00066166954692   0.0294602182366446   0.0121223667359327
  0.0195109148351074     0.00023982155832       0.024928613123     0.00056922928254   0.0250800093212667   0.0111419685349596
  0.0200021805802099     0.00024558605196       0.021497382885      0.0005030374581   0.0216576466080975   0.0102773444089026
  0.0204978531062261     0.00025192044552       0.018389141989     0.00042927877615   0.0188436853050058  0.00948581080160567
  0.0210022736658771     0.00025792147612       0.016273428581     0.00038170379031   0.0164830474811313  0.00875453596668636
  0.0215110878657894     0.00026449238688       0.014421171716     0.00034362209324   0.0145002646639851  0.00808458103814279
  0.0220067504956799     0.00027061194776       0.013088962395     0.00031804765139   0.0128718306095945  0.00749051517637616
  0.0225001956262317     0.00027638493837       0.011661152119     0.00028326700722   0.0114891278474172  0.00695099439938132
  0.0230112107273014     0.00028259632568       0.010075319114     0.00024736290961   0.0102583229640432  0.00644100076375737
  0.0235025442579623     0.00028856866819      0.0091784957403      0.0002283491178  0.00923228008038564  0.00599276644541081
  0.0240025140759424     0.00029508060848      0.0081872962091      0.0002084304706  0.00831949441035658  0.00557510100741939
  0.0245113214684245     0.00030088417456      0.0073120193556     0.00018673134825  0.00750406571062377  0.00518624483229227
  0.0250113590822419     0.00030741988815      0.0066580714925      0.0001521029448  0.00681907648560935   0.0048454350116474
  0.0274084463117291     0.00033646498695      0.0042495052754     0.00011362611666  0.00433844957347813    0.003522632790957
   0.029798890172669     0.00036646498523      0.0027195620028     7.7930941748e-05  0.00278498258700053  0.00261022859798244
  0.0322003628025167     0.00039549546514      0.0016858937884     5.3699973091e-05  0.00180093531154687  0.00196874700063056
  0.0345995468421887     0.00042509922602      0.0011925729627     4.0071175213e-05  0.00120219537346989  0.00151087532910173
  0.0370009065197369     0.00045501784752     0.00091976044572     3.2059828454e-05 0.000871150776581445  0.00117709370750522
  0.0394000511083522     0.00048412870195     0.00077174902963     2.7475934503e-05 0.000723648116264771 0.000929945290216984
  0.0418013306538771     0.00051395318404     0.00075220754225     2.5585058445e-05 0.000691554016352338 0.000743718658094053
  0.0441982188416707     0.00054320675689     0.00072485168396     2.4114167428e-05 0.000720147654054609 0.000601742974243766
  0.0466015907547577     0.00057282269659     0.00079543796659     2.4606757598e-05 0.000767762970492876 0.000491604063008349
  0.0489983921154425     0.00060201246553     0.00081114203687     2.4149907516e-05 0.000805462467538325 0.000405608613354145
  0.0514039045471542      0.0006318496342      0.0008555855957     2.4553236457e-05 0.000817287877365596 0.000337307130391782
  0.0538049748208098      0.0006609008209     0.00080413659193     2.2608734135e-05 0.000797932174415594 0.000282817485799891
  0.0562038065775404     0.00069052475394     0.00073335198344     2.0897064006e-05 0.000750789753080416 0.000238897121129189
  0.0586157498728766     0.00072016900196     0.00068140540058      1.896895103e-05  0.00068421177893132 0.000202974750892096
  0.0610057249871547     0.00074954036941      0.0006131613404     1.7162700982e-05 0.000610384349929399 0.000173781847977732
  0.0634131520470298      0.0007795321675     0.00053954760843     1.5326033451e-05 0.000538972408863698 0.000149485625842791
  0.0658139612489378     0.00080839148689     0.00048287476174     1.3653208403e-05 0.000479226226334199 0.000129332237241868
  0.0682037185662251     0.00083834053494     0.00042580296411     1.2280562568e-05 0.000436107029091508 0.000112533870302301
  0.0706044445768005     0.00086751865448     0.00039580661525     1.1249988092e-05 0.000410369417310804 9.83175013654921e-05
  0.0730094198983585     0.00089717239294     0.00038830096636     1.0893443758e-05  0.00039999195274259 8.62574797803827e-05
  0.0753968707516528     0.00092634050161     0.00039346744622     1.0870685222e-05 0.000400302310184301 7.60631942638462e-05
  0.0778017252864154     0.00095579097027      0.0004075900885     1.0840158047e-05 0.000405416682041606 6.72766441431975e-05
  0.0801999553577488     0.00098536665181     0.00040001183269     1.0728896632e-05 0.000409454444221454 5.97456704764415e-05
  0.0826002896395732       0.001014948816     0.00040545130424     1.0445651016e-05 0.000407659125437946 5.32386243218751e-05
   0.084993981949991      0.0010446254502     0.00039828021459     1.0189034031e-05 0.000397055609007734 4.76129532730174e-05
  0.0873963662075178      0.0010735678862      0.0003922543717     1.0031144408e-05 0.000376607208615018 4.26991708601772e-05
  0.0898008580566095      0.0011036972898     0.00035479245702     8.9678797134e-06 0.000347278243592547 3.84041368974009e-05
  0.0921965091965678      0.0011325325423     0.00031591822822     8.2472361537e-06 0.000311692200094268 3.46532538458903e-05
  0.0945986558780971      0.0011625106685     0.00028313734905      7.295329819e-06 0.000272946560931425 3.13456437190722e-05
  0.0970028745316163       0.001191789307     0.00024690532014     6.4597459106e-06 0.000234604073423457 2.84253795957765e-05
  0.0994114197976663      0.0012211446239     0.00019904836892      5.424663388e-06 0.000199699580277465 2.58371307050923e-05
   0.101797958571422      0.0012506554808     0.00016484333687      4.563999053e-06 0.000170733424139919 2.35609206073989e-05
   0.104204118403909      0.0012800886548     0.00014381280847     4.1609406585e-06 0.000148239152221827  2.1518382685535e-05
   0.106605793004064      0.0013098387968     0.00013369107922     3.7882541235e-06 0.000132428996858777 1.96996203928842e-05
   0.109009570634819      0.0013389051273      0.0001238101761     3.5172064553e-06 0.000122236278843929 1.80713751240221e-05
   0.111411054982847      0.0013686802184     0.00011425814612     3.2738804224e-06 0.000116054754353138 1.66129500240321e-05
   0.113814628530326      0.0013976487621     0.00011148929981     3.1442982976e-06 0.000111996600116558 1.53011196728691e-05
    0.11620275881647      0.0014275190261     0.00010752316696     3.0998917888e-06 0.000108325004634626 1.41269510026683e-05
   0.118603923376851      0.0014565188218      0.0001011838457      2.787417455e-06 0.000103621726277497 1.30610717588121e-05
   0.121002789990756      0.0014864569303     9.6163217378e-05     2.6328526327e-06 9.70799251084088e-05 1.20979083444284e-05
   0.123405942638766      0.0015160110092     8.5959313873e-05     2.4067398962e-06 8.84390566681852e-05 1.12234767127945e-05
   0.125802395321173      0.0015449836857     7.9147492517e-05     2.2544534791e-06 7.80250480764568e-05 1.04317100129823e-05
   0.128205326591175      0.0015747149895      6.690692774e-05     1.9751979413e-06 6.64446888003933e-05 9.70955315777589e-06
   0.130601551301116      0.0016038957318      5.394557596e-05     1.6846493848e-06 5.46184823157163e-05 9.05332518793581e-06
   0.133004234224074      0.0016334592366     4.2612585873e-05     1.4254635042e-06  4.3348107326918e-05 8.45273005262736e-06
   0.135404598520749      0.0016625967396     3.4312349983e-05     1.2470023337e-06 3.33966987083331e-05 7.90418592835624e-06
   0.137804836926813       0.001692335776      2.538842805e-05     1.0331344934e-06 2.52277698274999e-05 7.40193464310487e-06
   0.140204950769935       0.001721305602     2.0401880397e-05     9.1307374828e-07 1.90283376273157e-05 6.94134972979778e-06
   0.142602755115665      0.0017511816905     1.5917959945e-05     8.1562884394e-07 1.47231023494314e-05 6.51874404173843e-06
   0.145000431686749      0.0017805028408     1.3010019891e-05     7.7292419803e-07 1.20200403506197e-05 6.13005798510343e-06
   0.147406726988413        0.00180964043     1.1282400833e-05     6.9662102899e-07 1.05093563605419e-05 5.77081535991754e-06
   0.149804133144757      0.0018395357665     9.6808122521e-06     6.4169653162e-07 9.76257519526305e-06 5.44076623626426e-06
   0.152197016827846      0.0018682767351     7.8854624893e-06     6.0231484619e-07 9.37738888286227e-06 5.13652771355495e-06
    0.15460216469934      0.0018981956519      9.572375751e-06      7.136060187e-07 9.04970429022745e-06 4.85380368514624e-06
   0.156992582753433      0.0019272872246     7.7128434508e-06     6.4288099326e-07 8.59763085914466e-06 4.59367928231186e-06
   0.159397454004045      0.0019567999666     7.0560157705e-06     5.9835244251e-07 7.94169682671731e-06 4.35116594646471e-06
   0.161802172695049      0.0019860940648     7.8252182171e-06      5.998961776e-07 7.10025783933285e-06 4.12618776333196e-06
   0.164197994509801      0.0020156250526     6.8132187651e-06     5.8410304876e-07 6.14793652307001e-06  3.9180040600836e-06
   0.166605335594051      0.0020449526875     5.3332378769e-06     5.3839164187e-07 5.16768773109757e-06 3.72351089418235e-06
   0.169006676359788      0.0020740691984     5.0752632764e-06     5.1048462117e-07 4.24882526044345e-06 3.54295264157196e-06
    0.17140495603331      0.0021039044302      3.641740675e-06     4.7418409992e-07 3.44527570016934e-06 3.37494067360479e-06
   0.173803078909118       0.002132847564     2.5461663524e-06     4.6118555115e-07 2.77857361747164e-06 3.21824671791018e-06
   0.176198115418969      0.0021624782041     2.1531124671e-06     4.4401219565e-07 2.24431642704756e-06 3.07214688037245e-06
   0.178601752688636      0.0021914045949     1.5170202315e-06     4.0551742961e-07 1.81833984110488e-06 2.93513579665847e-06
   0.180990651768865      0.0022210031367     1.3533541591e-06     3.9106453261e-07 1.47888388628484e-06 2.80777410105088e-06
   0.183396868043161      0.0022502987603     9.1309153876e-07     3.8963709415e-07 1.20283365359066e-06 2.68768238764522e-06
   0.185791253833739      0.0022797573761     1.5369394716e-06     3.9833357612e-07  9.8835553068767e-07 2.57572734196408e-06
   0.188202976479468      0.0023090968245     5.5600684639e-07     3.5733578368e-07 8.41106600108398e-07 2.46999936606193e-06
   0.190591178996303      0.0023380945486     6.6232133157e-07     3.4654198149e-07 7.79808446132162e-07 2.37174999595732e-06
   0.193005461107375      0.0023678026249     3.2296415994e-07     3.4434679018e-07 8.20461696132823e-07 2.27847408034782e-06
   0.195396242547747      0.0023968323518     1.0393211062e-06     3.6114754925e-07 9.71146786604443e-07 2.19166192683921e-06
   0.197792677130823      0.0024264609658     8.5366250841e-07     3.3259512839e-07 1.22655925226391e-06  2.1098019560942e-06
   0.200197675923772      0.0024555074799     1.3522113278e-06     3.2716985665e-07 1.56411858569547e-06 2.03247279719984e-06
   0.202593741633338      0.0024849419971      2.039141174e-06     3.3745829929e-07 1.94173214291251e-06 1.95990154362664e-06
   0.205001287250862      0.0025140197881     2.4351595507e-06     3.5584701315e-07 2.31244695148906e-06 1.89116805583265e-06
   0.207394055357248      0.0025435848446     2.3494990003e-06     3.2891939497e-07 2.62061178383071e-06 1.82673076738269e-06
   0.209792482089829      0.0025730145918     3.3843908233e-06     3.2890629428e-07 2.82497876989853e-06 1.76575624102252e-06
   0.212190704912662       0.002601858231      3.246467622e-06     3.2294606415e-07 2.89560969076281e-06 1.70817181745171e-06
   0.214588722918647      0.0026316432952     2.2574147794e-06     3.1716442649e-07 2.82427458450122e-06 1.65374427970502e-06
   0.216986557351636      0.0026604455505     2.8860862083e-06     3.0782191184e-07 2.62378474268423e-06 1.60227024991263e-06
   0.219395858691205      0.0026900818019     2.8046527436e-06     2.9262333271e-07 2.32391536944421e-06 1.55333070113826e-06
   0.221802032507739      0.0027191204263     1.9230021494e-06     2.7878388829e-07 1.97050449403591e-06 1.50705723422119e-06
   0.224187603830797      0.0027484395571     1.6226653924e-06     2.8376591525e-07 1.61524788864805e-06 1.46358767102675e-06
   0.226596280596027      0.0027778442421     1.0134455126e-06     2.6711804934e-07  1.2967698004431e-06 1.42197704588832e-06
    0.22899310100583       0.002807044577     6.9608808893e-07      2.490746914e-07 1.05425702968432e-06  1.3827046642592e-06
   0.231392606932463      0.0028363726002     1.0471486058e-06     2.4855854721e-07 9.04873914603178e-07 1.34538992120451e-06
   0.233794828650704      0.0028654002743     9.4595012711e-07     2.5350481309e-07 8.51121088232157e-07  1.3099173559411e-06
   0.236193915863533      0.0028951432334     6.8835615696e-07     2.4649912036e-07 8.80022965988722e-07 1.27626114944955e-06
   0.238592788749159      0.0029237203011     1.0385543147e-06     2.3526900632e-07 9.66905007141102e-07 1.24426995778657e-06
   0.240991449535932       0.002953450233     1.4045927786e-06     2.3392642358e-07 1.08127668545152e-06 1.21391171528797e-06
    0.24338404866521      0.0029823885354     1.3168568981e-06     2.3735537649e-07 1.19177588879256e-06 1.18567487058266e-06
   0.245790990760631       0.003011560174     1.3242815683e-06     2.3891299038e-07 1.27448051965893e-06  1.1611241310327e-06
     0.2481860648553      0.0030408933638     1.2437939413e-06     2.2434308729e-07  1.3209867190362e-06 1.14287341216809e-06
   0.250592554248523      0.0030700220405     1.0167351098e-06     2.1750697923e-07 1.34189307248285e-06 1.13093635645772e-06
