#     thickness (A)        interface (A)       rho (1e-6/A^2)      irho (1e-6/A^2)
                   0     8.87899688277714                2.069                    0
    39.8437752948688     8.87899688277714     3.16779730108354                    0
    89.1844067294354                    0     1.93191326739306                    0
                 1.5                    0     1.92586262109585                    0
                 0.5                    0     1.92438857084048                    0
                 0.5                    0     1.92319451895903                    0
                 0.5                    0     1.92159797102884                    0
                 0.5                    0     1.91955266210656                    0
                 0.5                    0      1.9170018210054                    0
                 0.5                    0     1.91387812412427                    0
                 0.5                    0     1.91010371816732                    0
                 0.5                    0     1.90559034618874                    0
                 0.5                    0     1.90023961338739                    0
                 0.5                    0      1.8939434296094                    0
                 0.5                    0     1.88658466441437                    0
                 0.5                    0      1.8780380476724                    0
                 0.5                    0     1.86817134388351                    0
                 0.5                    0     1.85684682171188                    0
                 0.5                    0     1.84392303164576                    0
                 0.5                    0     1.82925689436281                    0
                 0.5                    0     1.81270609053569                    0
                 0.5                    0     1.79413172979115                    0
                 0.5                    0     1.77340126278106                    0
                 0.5                    0     1.75039158636985                    0
                 0.5                    0     1.72499227840176                    0
                 0.5                    0     1.69710888604686                    0
                 0.5                    0     1.66666618102316                    0
                 0.5                    0     1.63361128672411                    0
                 0.5                    0     1.59791657706417                    0
                 0.5                    0     1.55958224521377                    0
                 0.5                    0     1.51863844271887                    0
                 0.5                    0     1.47514689601427                    0
                 0.5                    0     1.42920191807249                    0
                 0.5                    0     1.38093074770206                    0
                 0.5                    0     1.33049316742099                    0
                 0.5                    0     1.27808037227953                    0
                 0.5                    0     1.22391308569466                    0
                 0.5                    0     1.16823894334063                    0
                 0.5                    0     1.11132919135743                    0
                 0.5                    0     1.05347476947951                    0
                 0.5                    0    0.994981872041443                    0
                 0.5                    0    0.936167099142505                    0
                 0.5                    0     0.87498042710757                    0
                 0.5                    0    0.817009297565647                    0
                 0.5                    0    0.759569235250382                    0
                 0.5                    0    0.702986742691346                    0
                 0.5                    0    0.647569651718703                    0
                 0.5                    0    0.593603162138626                    0
                 0.5                    0     0.54134635719532                    0
                 0.5                    0     0.49102928805602                    0
                 0.5                    0    0.442850698675195                    0
                 0.5                    0    0.396976439171071                    0
                 0.5                    0    0.353538591424277                    0
                 0.5                    0     0.31263530613791                    0
                 0.5                    0    0.274331327179804                    0
                 0.5                    0    0.238659157651654                    0
                 0.5                    0    0.205620803628996                    0
                 0.5                    0    0.175190016532866                    0
                 0.5                    0    0.147314944056352                    0
                 0.5                    0    0.121921092683948                    0
                 0.5                    0   0.0989145020993482                    0
                 0.5                    0   0.0781850329699406                    0
                 0.5                    0   0.0596096743447118                    0
                 0.5                    0   0.0430557846909877                    0
                 0.5                    0   0.0283841908123557                    0
                 0.5                    0   0.0154520808678446                    0
                 0.5                    0  0.00411564076864858                    0
                 0.5                    0  -0.0057676032966407                    0
                 0.5                    0  -0.0143367601703855                    0
                 0.5                    0  -0.0217258782576749                    0
                 0.5                    0  -0.0280625792440541                    0
                 0.5                    0  -0.0334670110026316                    0
                 0.5                    0    -0.03805110141662                    0
                 0.5                    0  -0.0419180883549479                    0
                 0.5                    0  -0.0451622963488721                    0
                 0.5                    0  -0.0478691275507453                    0
                 0.5                    0  -0.0501152331644805                    0
                 0.5                    0  -0.0519688315127308                    0
                 0.5                    0  -0.0534901399868209                    0
                 0.5                    0  -0.0547318899956187                    0
                 0.5                    0  -0.0557398963069975                    0
                 0.5                    0  -0.0565536544006373                    0
                 0.5                    0  -0.0572069410942641                    0
                 0.5                    0  -0.0577283942429315                    0
                 0.5                    0  -0.0581420464319299                    0
                 0.5                    0  -0.0584677855891157                    0
                 0.5                    0  -0.0587217138075325                    0
                 0.5                    0  -0.0589163775646698                    0
                 0.5                    0  -0.0590608528227686                    0
                 0.5                    0  -0.0591606926035611                    0
                 0.5                    0  -0.0592177856525727                    0
                 0.5                    0  -0.0592302292865589                    0
                 0.5                    0   -0.059192373435759                    0
                 0.5                    0  -0.0590952209921059                    0
                 0.5                    0  -0.0589273413236217                    0
                 0.5                    0  -0.0586763471950043                    0
                 0.5                    0  -0.0583308048818748                    0
                 0.5                    0  -0.0578822373949912                    0
                 0.5                    0   -0.057326723007636                    0
                 0.5                    0  -0.0566655786829299                    0
                 0.5                    0   -0.055904810619663                    0
                 0.5                    0  -0.0550533945172831                    0
                 0.5                    0  -0.0541209019839518                    0
                 0.5                    0    -0.05311533139737                    0
                 0.5                    0  -0.0520420459250992                    0
                 0.5                    0  -0.0509043734834681                    0
                 0.5                    0  -0.0497057481014067                    0
                 0.5                    0  -0.0484525019356104                    0
                 0.5                    0  -0.0471558819482489                    0
                 0.5                    0  -0.0458318620642437                    0
                 0.5                    0  -0.0444979729955533                    0
                 0.5                    0  -0.0431675348853055                    0
                 0.5                    0  -0.0418429543188916                    0
                 0.5                    0  -0.0405106100210428                    0
                 0.5                    0  -0.0391398525103368                    0
                 0.5                    0   -0.037687623127647                    0
                 0.5                    0  -0.0361084044043958                    0
                 0.5                    0  -0.0343672531922262                    0
                 0.5                    0  -0.0324522907924945                    0
                 0.5                    0  -0.0303828181004632                    0
                 0.5                    0  -0.0282103483439223                    0
                 0.5                    0   -0.026011943453595                    0
                 0.5                    0  -0.0238775525000218                    0
                 0.5                    0   -0.021894752675737                    0
                 0.5                    0   -0.020134818570676                    0
                 0.5                    0  -0.0186433065982264                    0
                 0.5                    0   -0.017436725926837                    0
                 0.5                    0  -0.0165050315178572                    0
                 0.5                    0  -0.0158182504451487                    0
                 0.5                    0  -0.0153349085864606                    0
                 0.5                    0    -0.01501008126956                    0
                 0.5                    0  -0.0148015931167861                    0
                 0.5                    0  -0.0146737729779635                    0
                 0.5                    0  -0.0145989158296289                    0
                 0.5                    0  -0.0145570478239752                    0
                 0.5                    0  -0.0145347207579392                    0
                 0.5                    0  -0.0145234677876917                    0
                 0.5                    0  -0.0145183554186485                    0
                 0.5                    0  -0.0145168689903267                    0
                 0.5                    0  -0.0145182267958355                    0
                 0.5                    0  -0.0145231449002575                    0
                 0.5                    0  -0.0145340537459732                    0
                 0.5                    0  -0.0145557661310264                    0
                 0.5                    0  -0.0145965767712913                    0
                 0.5                    0  -0.0146697033199968                    0
                 0.5                    0  -0.0147948394493768                    0
                 0.5                    0  -0.0149993939331648                    0
                 0.5                    0  -0.0153187902438621                    0
                 0.5                    0  -0.0157950987409728                    0
                 0.5                    0   -0.016473390530243                    0
                 0.5                    0  -0.0173956315023259                    0
                 0.5                    0  -0.0185926707160158                    0
                 0.5                    0  -0.0200757596401377                    0
                 0.5                    0  -0.0218297591474046                    0
                 0.5                    0  -0.0238103819150833                    0
                 0.5                    0  -0.0259472138542908                    0
                 0.5                    0  -0.0281528637485843                    0
                 0.5                    0  -0.0303367588388054                    0
                 0.5                    0  -0.0324204597929383                    0
                 0.5                    0  -0.0343505738072475                    0
                 0.5                    0  -0.0361058059912976                    0
                 0.5                    0  -0.0376963438350214                    0
                 0.5                    0  -0.0391560704031599                    0
                 0.5                    0  -0.0405302249927857                    0
                 0.5                    0  -0.0418623140712921                    0
                 0.5                    0  -0.0431839355588869                    0
                 0.5                    0  -0.0445098511951431                    0
                 0.5                    0  -0.0458386963448496                    0
                 0.5                    0  -0.0471579026955082                    0
                 0.5                    0  -0.0484503449086563                    0
                 0.5                    0  -0.0497001735410504                    0
                 0.5                    0  -0.0508961226323329                    0
                 0.5                    0  -0.0520318438305872                    0
                 0.5                    0  -0.0531039932745184                    0
                 0.5                    0  -0.0541094762299752                    0
                 0.5                    0  -0.0550432820851671                    0
                 0.5                    0  -0.0558978296075237                    0
                 0.5                    0  -0.0566639798581075                    0
                 0.5                    0  -0.0573331918675644                    0
                 0.5                    0   -0.057899932181938                    0
                 0.5                    0  -0.0583634765708109                    0
                  60                    0  -0.0595790629894111                    0
                   0                    0  -0.0595790629894111                    0
