#     thickness (A)        interface (A)       rho (1e-6/A^2)      irho (1e-6/A^2)
                   0     8.87899688277714                2.069                    0
    39.8437752948688     8.87899688277714     3.16779730108354                    0
    89.1844067294354                    0     1.93191326739306                    0
                   1                    0     1.94471642645987                    0
                 0.5                    0     1.94608474087062                    0
                 0.5                    0     1.94783551472993                    0
                 0.5                    0     1.95036212683406                    0
                 0.5                    0       1.953740420012                    0
                 0.5                    0     1.95806829081893                    0
                 0.5                    0     1.96346586700635                    0
                 0.5                    0      1.9700756052196                    0
                 0.5                    0      1.9780622429234                    0
                 0.5                    0     1.98761253169108                    0
                 0.5                    0     1.99893467478367                    0
                 0.5                    0     2.01225739081497                    0
                 0.5                    0     2.02782852763233                    0
                 0.5                    0     2.04591315665468                    0
                 0.5                    0     2.06679108801428                    0
                 0.5                    0     2.09075376102424                    0
                 0.5                    0     2.11810048265281                    0
                 0.5                    0     2.14913400854506                    0
                 0.5                    0     2.18415548619777                    0
                 0.5                    0     2.22345880744569                    0
                 0.5                    0     2.26732444652328                    0
                 0.5                    0      2.3160128894925                    0
                 0.5                    0     2.36975778947986                    0
                 0.5                    0     2.42875900854084                    0
                 0.5                    0     2.49317572961447                    0
                 0.5                    0     2.56311983952594                    0
                 0.5                    0     2.63864979503345                    0
                 0.5                    0     2.71976518738865                    0
                 0.5                    0     2.80640221596263                    0
                 0.5                    0     2.89843026770607                    0
                 0.5                    0     2.99564977650152                    0
                 0.5                    0      3.0977915052089                    0
                 0.5                    0      3.2045173542445                    0
                 0.5                    0     3.31542275515049                    0
                 0.5                    0     3.43004065748658                    0
                 0.5                    0     3.54784706451384                    0
                 0.5                    0     3.66826801978102                    0
                 0.5                    0     3.79068789521865                    0
                 0.5                    0     3.91445878404483                    0
                 0.5                    0     4.03891076089413                    0
                 0.5                    0     4.16838167298389                    0
                 0.5                    0     4.29104850167463                    0
                 0.5                    0     4.41259159285965                    0
                 0.5                    0     4.53232006764494                    0
                 0.5                    0     4.64958255431021                    0
                 0.5                    0     4.76377557046617                    0
                 0.5                    0     4.87435089633197                    0
                 0.5                    0     4.98082174396083                    0
                 0.5                    0     5.08276757142423                    0
                 0.5                    0     5.17983744010495                    0
                 0.5                    0     5.27175186492907                    0
                 0.5                    0      5.3583031591467                    0
                 0.5                    0     5.43935432482444                    0
                 0.5                    0     5.51483658544474                    0
                 0.5                    0      5.5847456961546                    0
                 0.5                    0     5.64913719891022                    0
                 0.5                    0     5.70812081312022                    0
                 0.5                    0     5.76185416695878                    0
                 0.5                    0     5.81053608032323                    0
                 0.5                    0     5.85439960788669                    0
                 0.5                    0     5.89370504064874                    0
                 0.5                    0     5.92873304790622                    0
                 0.5                    0     5.95977811994728                    0
                 0.5                    0     5.98714244642682                    0
                 0.5                    0     6.01113033775474                    0
                 0.5                    0     6.03204326831579                    0
                 0.5                    0     6.05017559222454                    0
                 0.5                    0     6.06581095571583                    0
                 0.5                    0     6.07921940608857                    0
                 0.5                    0     6.09065517604049                    0
                 0.5                    0     6.10035510469204                    0
                 0.5                    0     6.10853764279032                    0
                 0.5                    0     6.11540237942177                    0
                 0.5                    0     6.12113002059766                    0
                 0.5                    0     6.12588274526177                    0
                 0.5                    0     6.12980485942858                    0
                 0.5                    0     6.13302365992502                    0
                 0.5                    0     6.13565039720641                    0
                 0.5                    0     6.13778117700659                    0
                 0.5                    0     6.13949753911476                    0
                 0.5                    0     6.14086626506495                    0
                 0.5                    0     6.14193765950575                    0
                 0.5                    0     6.14274110587924                    0
                 0.5                    0     6.14327615892132                    0
                 0.5                    0     6.14349696546506                    0
                 0.5                    0     6.14328773391644                    0
                 0.5                    0     6.14242780721546                    0
                 0.5                    0     6.14054719271597                    0
                 0.5                    0     6.13707748404075                    0
                 0.5                    0     6.13120861551109                    0
                 0.5                    0     6.12186736971856                    0
                 0.5                    0     6.10773640349775                    0
                 0.5                    0     6.08732961301235                    0
                 0.5                    0     6.05912864906721                    0
                 0.5                    0      6.0217667828936                    0
                 0.5                    0     5.97422468819236                    0
                 0.5                    0     5.91598645785276                    0
                 0.5                    0     5.84710290193564                    0
                 0.5                    0     5.76812907376301                    0
                 0.5                    0     5.67994224071194                    0
                 0.5                    0     5.58349336174658                    0
                 0.5                    0     5.47958043121539                    0
                 0.5                    0     5.36873665681381                    0
                 0.5                    0     5.25129057557773                    0
                 0.5                    0     5.12758557370989                    0
                 0.5                    0     4.99826684473142                    0
                 0.5                    0     4.86448862543796                    0
                 0.5                    0     4.72789423293274                    0
                 0.5                    0     4.59028862751497                    0
                 0.5                    0     4.45304319781561                    0
                 0.5                    0      4.3164041343571                    0
                 0.5                    0     4.17896475891281                    0
                 0.5                    0     4.03756227715519                    0
                 0.5                    0     3.88775422174678                    0
                 0.5                    0     3.72484485392366                    0
                 0.5                    0     3.54522955747588                    0
                 0.5                    0     3.34768320247764                    0
                 0.5                    0     3.13419719003096                    0
                 0.5                    0     2.91008589975012                    0
                 0.5                    0     2.68329921641145                    0
                 0.5                    0     2.46311634901847                    0
                 0.5                    0     2.25857172857848                    0
                 0.5                    0     2.07701795134829                    0
                 0.5                    0     1.92315450904465                    0
                 0.5                    0     1.79868439537486                    0
                 0.5                    0       1.702571307359                    0
                 0.5                    0     1.63172322182471                    0
                 0.5                    0      1.5818616875323                    0
                 0.5                    0      1.5483523188061                    0
                 0.5                    0     1.52684435944181                    0
                 0.5                    0     1.51365803155796                    0
                 0.5                    0     1.50593533839196                    0
                 0.5                    0     1.50161582321131                    0
                 0.5                    0     1.49931220555633                    0
                 0.5                    0     1.49815107290721                    0
                 0.5                    0     1.49762350466722                    0
                 0.5                    0     1.49747009949364                    0
                 0.5                    0     1.49761022034419                    0
                 0.5                    0     1.49811773329567                    0
                 0.5                    0      1.4992433523576                    0
                 0.5                    0     1.50148354759794                    0
                 0.5                    0     1.50569397520741                    0
                 0.5                    0      1.5132381322991                    0
                 0.5                    0     1.52614757253197                    0
                 0.5                    0     1.54724973088162                    0
                 0.5                    0     1.58019883341948                    0
                 0.5                    0     1.62933480034715                    0
                 0.5                    0     1.69930711994326                    0
                 0.5                    0     1.79444496954795                    0
                 0.5                    0     1.91793074824914                    0
                 0.5                    0     2.07092520741558                    0
                 0.5                    0     2.25186667899786                    0
                 0.5                    0     2.45618658191482                    0
                 0.5                    0     2.67662107857138                    0
                 0.5                    0     2.90415490849137                    0
                 0.5                    0     3.12944449980314                    0
                 0.5                    0     3.34439783665144                    0
                 0.5                    0     3.54350657886891                    0
                 0.5                    0     3.72457352256821                    0
                 0.5                    0     3.88864917344231                    0
                 0.5                    0     4.03922854924229                    0
                 0.5                    0     4.18097833849359                    0
                 0.5                    0     4.31838669133373                    0
                 0.5                    0     4.45471350760476                    0
                 0.5                    0     4.59148206903142                    0
                 0.5                    0     4.72855218971999                    0
                 0.5                    0     4.86462794742979                    0
                 0.5                    0     4.99794325993771                    0
                 0.5                    0     5.12686353945361                    0
                 0.5                    0     5.25022686824203                    0
                 0.5                    0      5.3673784680334                    0
                 0.5                    0      5.4779733720849                    0
                 0.5                    0     5.58169222610514                    0
                 0.5                    0     5.67801799154134                    0
                 0.5                    0     5.76616843790849                    0
                 0.5                    0     5.84520065618629                    0
                 0.5                    0     5.91423344553615                    0
                 0.5                    0     5.97269587948434                    0
                 0.5                    0     6.02051316328365                    0
                 0.5                    0     6.05817496521879                    0
                 0.5                    0     6.08667792536662                    0
                 0.5                    0     6.10737379723817                    0
                 0.5                    0     6.12177548746911                    0
                 0.5                    0     6.13137288236367                    0
                 0.5                    0      6.1374946732016                    0
                 0.5                    0     6.14123090739607                    0
                 0.5                    0     6.14341219981472                    0
                 0.5                    0     6.14463019308995                    0
                55.5                    0     6.14590824144817                    0
                   0                    0     6.14590824144817                    0
