# intensity: 1.04756810755825
# background: 4.21391574354064e-07
#           Q (1/A)             dQ (1/A)                    R                   dR               theory              fresnel
 0.00799217283592589     9.8594701109e-05        0.94042127662       0.020258761055     1.04756852894982    0.122143976569812
 0.00850100315000752     0.00010421442213        0.96468354227       0.020226066995     1.04756852894982     0.11010839186669
 0.00900983311563866     0.00011078568912        0.97079721644       0.020121600694     1.04756852894983   0.0975335527764045
 0.00949670947734436     0.00011653296877        0.97337785591       0.020279988109     1.04756852894982   0.0870042507210875
 0.00999458730613689     0.00012306072523        0.99557930958       0.021085442115     1.04756852894983   0.0775589122475555
  0.0105100015533808     0.00012889105303        0.99774126173       0.020618389947     1.04756852894983   0.0689910770843282
   0.011001279511497     0.00013542308279         0.9987182978       0.020468967469     1.04756852894983   0.0618195392650438
  0.0114947631794808     0.00014098180574         1.0035928266       0.020685919128     1.04756852894982    0.055469509299037
  0.0120013938700193     0.00014751355827        0.99744285755       0.020907138128     1.04756852894982   0.0497221609868566
  0.0125102202196646      0.0001533484871         1.0051030258       0.020607493284     1.04756852894982   0.0446310179398531
  0.0129949022578618     0.00015963912099         1.0068367122       0.020481880295     1.04756852894983   0.0403384304526936
  0.0134971705053167     0.00016563186713        0.99865338281       0.020430051963     1.04751904648556     0.03639196579466
  0.0140103797421091     0.00017212923724        0.94694268522       0.019708224304    0.971284170694747   0.0328169053985691
  0.0145060542399848     0.00017837105439         0.4818504735      0.0098755600991    0.540707916292103    0.029748753328805
  0.0149995017305327       0.000184297804        0.23204933846      0.0047867014696    0.278090171581427   0.0270256991364705
  0.0155061799738796     0.00019052285704        0.15293694318      0.0032076252777    0.169951327512961   0.0245306526216453
  0.0160105837097982     0.00019649336377        0.10837367154      0.0023339461332    0.117738075861735   0.0223122397736917
   0.016504041024758     0.00020300324134        0.08261240226      0.0017603113986   0.0871671073349332   0.0203687594688325
  0.0169974893305018     0.00020859239422       0.064198739685      0.0013781846139   0.0670114419319225   0.0186237222123743
  0.0175019565286708     0.00021514606758       0.051287607468        0.00112058345   0.0526785152664817   0.0170209209140276
  0.0180107775362369     0.00022095001221       0.041878828386     0.00093863990418   0.0422388394241776   0.0155675924795128
  0.0185042285885576     0.00022749040832       0.034897041117     0.00077618690841   0.0346842135802499   0.0142978207798179
  0.0190064574630489     0.00023321494424       0.029505276495     0.00066166954692   0.0287930729083832   0.0131309674215791
  0.0195109148351074     0.00023982155832       0.024928613123     0.00056922928254   0.0241715338920304   0.0120718343365871
  0.0200021805802099     0.00024558605196       0.021497382885      0.0005030374581   0.0205857565365605   0.0111374757482305
  0.0204978531062261     0.00025192044552       0.018389141989     0.00042927877615   0.0176557464086695   0.0102818440823646
  0.0210022736658771     0.00025792147612       0.016273428581     0.00038170379031    0.015211700907354  0.00949112106225512
  0.0215110878657894     0.00026449238688       0.014421171716     0.00034362209324   0.0131697077259065  0.00876649966463312
  0.0220067504956799     0.00027061194776       0.013088962395     0.00031804765139   0.0115009265641537  0.00812378877596717
  0.0225001956262317     0.00027638493837       0.011661152119     0.00028326700722   0.0100906574047798  0.00753994273754921
  0.0230112107273014     0.00028259632568       0.010075319114     0.00024736290961  0.00884128752319599  0.00698791596717531
  0.0235025442579623     0.00028856866819      0.0091784957403      0.0002283491178  0.00780487359853381  0.00650262652549403
  0.0240025140759424     0.00029508060848      0.0081872962091      0.0002084304706   0.0068876531562862  0.00605033364340371
  0.0245113214684245     0.00030088417456      0.0073120193556     0.00018673134825  0.00607304362024568  0.00562914827788872
  0.0250113590822419     0.00030741988815      0.0066580714925      0.0001521029448  0.00539471691399624  0.00525991069568922
  0.0274084463117291     0.00033646498695      0.0042495052754     0.00011362611666  0.00299043660119378  0.00382611312346914
   0.029798890172669     0.00036646498523      0.0027195620028     7.7930941748e-05   0.0015785664034228  0.00283642751653985
  0.0322003628025167     0.00039549546514      0.0016858937884     5.3699973091e-05 0.000787278963932103  0.00214017283199573
  0.0345995468421887     0.00042509922602      0.0011925729627     4.0071175213e-05 0.000409914987767889  0.00164294545090647
  0.0370009065197369     0.00045501784752     0.00091976044572     3.2059828454e-05 0.000303920202754411  0.00128031556446821
  0.0394000511083522     0.00048412870195     0.00077174902963     2.7475934503e-05 0.000360448228687481  0.00101170758192203
  0.0418013306538771     0.00051395318404     0.00075220754225     2.5585058445e-05 0.000492753624330223 0.000809247865153831
  0.0441982188416707     0.00054320675689     0.00072485168396     2.4114167428e-05 0.000634773430803174 0.000654855154154271
  0.0466015907547577     0.00057282269659     0.00079543796659     2.4606757598e-05 0.000743105748351122 0.000535056070559242
  0.0489983921154425     0.00060201246553     0.00081114203687     2.4149907516e-05 0.000794236308710735 0.000441499411984703
  0.0514039045471542      0.0006318496342      0.0008555855957     2.4553236457e-05 0.000783881983637697 0.000367179566436906
  0.0538049748208098      0.0006609008209     0.00080413659193     2.2608734135e-05  0.00072158328646689 0.000307879558559128
  0.0562038065775404     0.00069052475394     0.00073335198344     2.0897064006e-05 0.000625875504408161 0.000260075487012243
  0.0586157498728766     0.00072016900196     0.00068140540058      1.896895103e-05 0.000517839177923439 0.000220972000487057
  0.0610057249871547     0.00074954036941      0.0006131613404     1.7162700982e-05 0.000419346987057606 0.000189190564234362
  0.0634131520470298      0.0007795321675     0.00053954760843     1.5326033451e-05 0.000344111693506905 0.000162737511232114
  0.0658139612489378     0.00080839148689     0.00048287476174     1.3653208403e-05 0.000301450030194635 0.000140793211723515
  0.0682037185662251     0.00083834053494     0.00042580296411     1.2280562568e-05 0.000292285068277046 0.000122500691132084
  0.0706044445768005     0.00086751865448     0.00039580661525     1.1249988092e-05 0.000311435555784666 0.000107018771661064
  0.0730094198983585     0.00089717239294     0.00038830096636     1.0893443758e-05  0.00034964240050344 9.38843459666067e-05
  0.0753968707516528     0.00092634050161     0.00039346744622     1.0870685222e-05 0.000395075929867514 8.27812481145494e-05
  0.0778017252864154     0.00095579097027      0.0004075900885     1.0840158047e-05 0.000437298971039752 7.32108948389278e-05
  0.0801999553577488     0.00098536665181     0.00040001183269     1.0728896632e-05 0.000466910226525682 6.50077381464768e-05
  0.0826002896395732       0.001014948816     0.00040545130424     1.0445651016e-05  0.00047842105033647 5.79195971448726e-05
   0.084993981949991      0.0010446254502     0.00039828021459     1.0189034031e-05 0.000469937568589611 5.17912997154268e-05
  0.0873963662075178      0.0010735678862      0.0003922543717     1.0031144408e-05 0.000442907431963731 4.64383014193428e-05
  0.0898008580566095      0.0011036972898     0.00035479245702     8.9678797134e-06 0.000401436600254179 4.17592020403054e-05
  0.0921965091965678      0.0011325325423     0.00031591822822     8.2472361537e-06 0.000351396234728943  3.7672786239681e-05
  0.0945986558780971      0.0011625106685     0.00028313734905      7.295329819e-06 0.000298442471170299 3.40691933740458e-05
  0.0970028745316163       0.001191789307     0.00024690532014     6.4597459106e-06  0.00024797246160843  3.0887524176141e-05
  0.0994114197976663      0.0012211446239     0.00019904836892      5.424663388e-06  0.00020388474453256 2.80675209281119e-05
   0.101797958571422      0.0012506554808     0.00016484333687      4.563999053e-06 0.000168786170295372  2.5587440113093e-05
   0.104204118403909      0.0012800886548     0.00014381280847     4.1609406585e-06 0.000142551706541573 2.33619131732458e-05
   0.106605793004064      0.0013098387968     0.00013369107922     3.7882541235e-06 0.000124621311893542  2.1380170246181e-05
   0.109009570634819      0.0013389051273      0.0001238101761     3.5172064553e-06 0.000113089272794294 1.96059837088992e-05
   0.111411054982847      0.0013686802184     0.00011425814612     3.2738804224e-06  0.00010573191290525 1.80168107927484e-05
   0.113814628530326      0.0013976487621     0.00011148929981     3.1442982976e-06 0.000100353300897935 1.65873514956624e-05
    0.11620275881647      0.0014275190261     0.00010752316696     3.0998917888e-06 9.52360158387463e-05 1.53078781088892e-05
   0.118603923376851      0.0014565188218      0.0001011838457      2.787417455e-06 8.91845350076186e-05 1.41463893230221e-05
   0.121002789990756      0.0014864569303     9.6163217378e-05     2.6328526327e-06 8.17458020274786e-05 1.30968157525851e-05
   0.123405942638766      0.0015160110092     8.5959313873e-05     2.4067398962e-06 7.29732181532933e-05 1.21439223443641e-05
   0.125802395321173      0.0015449836857     7.9147492517e-05     2.2544534791e-06 6.33728717050008e-05  1.1281100891154e-05
   0.128205326591175      0.0015747149895      6.690692774e-05     1.9751979413e-06 5.35464163992495e-05 1.04941272414535e-05
   0.130601551301116      0.0016038957318      5.394557596e-05     1.6846493848e-06 4.42046280286325e-05 9.77899218407105e-06
   0.133004234224074      0.0016334592366     4.2612585873e-05     1.4254635042e-06 3.58210918424412e-05 9.12447723324326e-06
   0.135404598520749      0.0016625967396     3.4312349983e-05     1.2470023337e-06 2.87450866815689e-05 8.52668051417223e-06
   0.137804836926813       0.001692335776      2.538842805e-05     1.0331344934e-06 2.30638038288126e-05 7.97932815067998e-06
   0.140204950769935       0.001721305602     2.0401880397e-05     9.1307374828e-07 1.86852609323857e-05 7.47737934371806e-06
   0.142602755115665      0.0017511816905     1.5917959945e-05     8.1562884394e-07 1.53991785286494e-05 7.01681676859371e-06
   0.145000431686749      0.0017805028408     1.3010019891e-05     7.7292419803e-07 1.29373489928189e-05 6.59321703578867e-06
   0.147406726988413        0.00180964043     1.1282400833e-05     6.9662102899e-07 1.10417737812284e-05 6.20170255780055e-06
   0.149804133144757      0.0018395357665     9.6808122521e-06     6.4169653162e-07 9.52695180125578e-06 5.84200155837723e-06
   0.152197016827846      0.0018682767351     7.8854624893e-06     6.0231484619e-07 8.25895071299276e-06 5.51042775861387e-06
    0.15460216469934      0.0018981956519      9.572375751e-06      7.136060187e-07 7.16791572589791e-06 5.20229949661639e-06
   0.156992582753433      0.0019272872246     7.7128434508e-06     6.4288099326e-07 6.25164108510857e-06 4.91879980456109e-06
   0.159397454004045      0.0019567999666     7.0560157705e-06     5.9835244251e-07  5.5084003053688e-06 4.65449218369323e-06
   0.161802172695049      0.0019860940648     7.8252182171e-06      5.998961776e-07  4.9535139601068e-06 4.40929418722902e-06
   0.164197994509801      0.0020156250526     6.8132187651e-06     5.8410304876e-07 4.58276567667488e-06 4.18239884196053e-06
   0.166605335594051      0.0020449526875     5.3332378769e-06     5.3839164187e-07 4.36652323291451e-06 3.97042344990632e-06
   0.169006676359788      0.0020740691984     5.0752632764e-06     5.1048462117e-07 4.26207510586801e-06 3.77363455069852e-06
    0.17140495603331      0.0021039044302      3.641740675e-06     4.7418409992e-07 4.21524340843242e-06 3.59051887184428e-06
   0.173803078909118       0.002132847564     2.5461663524e-06     4.6118555115e-07 4.17526630447388e-06 3.41973788098034e-06
   0.176198115418969      0.0021624782041     2.1531124671e-06     4.4401219565e-07 4.10465253305398e-06 3.26050274256855e-06
   0.178601752688636      0.0021914045949     1.5170202315e-06     4.0551742961e-07 3.98438692385308e-06 3.11117286977256e-06
   0.180990651768865      0.0022210031367     1.3533541591e-06     3.9106453261e-07 3.81719101425487e-06  2.9723594125979e-06
   0.183396868043161      0.0022502987603     9.1309153876e-07     3.8963709415e-07 3.61829154812525e-06 2.84146911483091e-06
   0.185791253833739      0.0022797573761     1.5369394716e-06     3.9833357612e-07 3.41629366970098e-06 2.71944667620155e-06
   0.188202976479468      0.0023090968245     5.5600684639e-07     3.5733578368e-07 3.23586087531659e-06 2.60421085518143e-06
   0.190591178996303      0.0023380945486     6.6232133157e-07     3.4654198149e-07 3.10002803052399e-06 2.49712580334102e-06
   0.193005461107375      0.0023678026249     3.2296415994e-07     3.4434679018e-07 3.01476213592484e-06  2.3954611377007e-06
   0.195396242547747      0.0023968323518     1.0393211062e-06     3.6114754925e-07 2.97764009646224e-06 2.30084124906936e-06
   0.197792677130823      0.0024264609658     8.5366250841e-07     3.3259512839e-07 2.97249102531898e-06 2.21161866018094e-06
   0.200197675923772      0.0024555074799     1.3522113278e-06     3.2716985665e-07 2.97743228414337e-06 2.12733414173599e-06
   0.202593741633338      0.0024849419971      2.039141174e-06     3.3745829929e-07 2.96883616743438e-06 2.04823525133453e-06
   0.205001287250862      0.0025140197881     2.4351595507e-06     3.5584701315e-07 2.92646895526786e-06 1.97331911904931e-06
   0.207394055357248      0.0025435848446     2.3494990003e-06     3.2891939497e-07 2.83815514373934e-06 1.90308544618683e-06
   0.209792482089829      0.0025730145918     3.3843908233e-06     3.2890629428e-07 2.69984260208046e-06  1.8366258535474e-06
   0.212190704912662       0.002601858231      3.246467622e-06     3.2294606415e-07 2.51695995647255e-06 1.77386116985395e-06
   0.214588722918647      0.0026316432952     2.2574147794e-06     3.1716442649e-07 2.30183555123419e-06  1.7145372211975e-06
   0.216986557351636      0.0026604455505     2.8860862083e-06     3.0782191184e-07 2.07054971002576e-06 1.65843235373728e-06
   0.219395858691205      0.0026900818019     2.8046527436e-06     2.9262333271e-07 1.83871830913543e-06 1.60508986056363e-06
   0.221802032507739      0.0027191204263     1.9230021494e-06     2.7878388829e-07 1.62233885577646e-06 1.55465319857695e-06
   0.224187603830797      0.0027484395571     1.6226653924e-06     2.8376591525e-07 1.43292741709046e-06 1.50727260610887e-06
   0.226596280596027      0.0027778442421     1.0134455126e-06     2.6711804934e-07  1.2721845796181e-06 1.46191811105747e-06
    0.22899310100583       0.002807044577     6.9608808893e-07      2.490746914e-07 1.14293249228061e-06 1.41911215570427e-06
   0.231392606932463      0.0028363726002     1.0471486058e-06     2.4855854721e-07 1.04071678209181e-06 1.37843990168989e-06
   0.233794828650704      0.0028654002743     9.4595012711e-07     2.5350481309e-07 9.59846032850175e-07 1.33977550941167e-06
   0.236193915863533      0.0028951432334     6.8835615696e-07     2.4649912036e-07 8.94051019556384e-07 1.30309084609379e-06
   0.238592788749159      0.0029237203011     1.0385543147e-06     2.3526900632e-07 8.37365772527552e-07 1.26822095836449e-06
   0.240991449535932       0.002953450233     1.4045927786e-06     2.3392642358e-07 7.85545470489686e-07 1.23513090335354e-06
    0.24338404866521      0.0029823885354     1.3168568981e-06     2.3735537649e-07 7.37073159522767e-07 1.20435309342303e-06
   0.245790990760631       0.003011560174     1.3242815683e-06     2.3891299038e-07 6.94056572856148e-07 1.17759305612096e-06
     0.2481860648553      0.0030408933638     1.2437939413e-06     2.2434308729e-07 6.61530377739573e-07 1.15769995174928e-06
   0.250592554248523      0.0030700220405     1.0167351098e-06     2.1750697923e-07 6.40053431893062e-07 1.14468866853432e-06
